year modules.wind.dayOfYear modules.wind.speed modules.wind.direction modules.wind.duration model.climate.co2concentration
1 1 0 0 0 413.38
2 1 0 0 0 415.64
3 1 0 0 0 417.94
4 355 5.9 208 87 420.27
5 1 0 0 0 422.66
6 120 6.7 346 62 425.08
7 1 0 0 0 427.54
8 1 0 0 0 430.02
9 276 6.1 204 40 432.52
10 319 6.8 221 58 435.05
11 1 0 0 0 437.59
12 1 0 0 0 440.13
13 171 6 354 39 442.66
14 1 0 0 0 445.21
15 1 0 0 0 447.77
16 294 14 337 89 450.36
17 180 7.5 297 50 452.96
18 1 0 0 0 455.59
19 177 5.2 300 49 458.22
20 1 0 0 0 460.84
21 1 0 0 0 463.48
22 1 0 0 0 466.09
23 1 0 0 0 468.68
24 1 0 0 0 471.23
25 156 5.2 199 44 473.78
26 1 0 0 0 476.33
27 1 0 0 0 478.88
28 1 0 0 0 481.44
29 314 11 45 72 483.99
30 153 7.4 147 33 486.54
31 1 0 0 0 489.06
32 1 0 0 0 491.54
33 1 0 0 0 493.93
34 281 7.1 227 88 496.24
35 227 6.1 7 81 498.47
36 1 0 0 0 500.65
37 1 0 0 0 502.77
38 1 0 0 0 504.85
39 1 0 0 0 506.88
40 128 5.1 199 64 508.87
41 94 5.7 174 37 510.80
42 1 0 0 0 512.65
43 1 0 0 0 514.40
44 1 0 0 0 516.06
45 1 0 0 0 517.63
46 286 6.4 254 55 519.10
47 1 0 0 0 520.49
48 1 0 0 0 521.82
49 1 0 0 0 523.09
50 301 19 10 138 524.30
51 1 0 0 0 525.45
52 1 0 0 0 526.51
53 1 0 0 0 527.46
54 189 6.8 167 32 528.30
55 1 0 0 0 529.03
56 1 0 0 0 529.64
57 1 0 0 0 530.14
58 295 6.1 307 87 530.55
59 165 5.7 197 58 530.88
60 1 0 0 0 531.14
61 1 0 0 0 531.32
62 87 5.5 309 89 531.49
63 1 0 0 0 531.70
64 1 0 0 0 531.94
65 178 6.6 156 68 532.20
66 139 5.7 126 50 532.49
67 1 0 0 0 532.78
68 1 0 0 0 533.07
69 61 5.3 167 53 533.39
70 1 0 0 0 533.74
71 1 0 0 0 534.13
72 180 7.5 297 50 534.56
73 1 0 0 0 535.01
74 11 6.1 215 89 535.48
75 1 0 0 0 535.95
76 102 6.7 251 68 536.44
77 1 0 0 0 536.92
78 107 6.6 318 38 537.40
79 1 0 0 0 537.87
80 1 0 0 0 538.36
81 1 0 0 0 538.87
82 14 12 55 62 539.39
83 68 5.4 180 88 539.88
84 1 0 0 0 540.35
85 1 0 0 0 540.78
86 80 6.8 291 59 541.17
87 1 0 0 0 541.51
88 1 0 0 0 541.81
89 26 6 56 68 542.05
90 245 5.1 221 74 542.25
91 1 0 0 0 542.41
92 1 0 0 0 542.56
93 94 11 337 99 542.71
94 1 0 0 0 542.87
95 121 5.8 75 69 543.01
96 1 0 0 0 543.14
97 21 6.9 275 79 543.24
98 1 0 0 0 543.31
99 1 0 0 0 543.35
100 61 7.6 75 99 543.36
101 1 0 0 0 543.33
102 0 0 0 0 543.29
103 0 0 0 0 543.27
104 0 0 0 0 543.26
105 0 0 0 0 543.28
106 0 0 0 0 543.31
107 0 0 0 0 543.34
108 0 0 0 0 543.35
109 0 0 0 0 543.36
110 0 0 0 0 543.36
111 0 0 0 0 543.33
112 0 0 0 0 543.28
113 0 0 0 0 543.24
114 0 0 0 0 543.21
115 0 0 0 0 543.20
116 0 0 0 0 543.20
117 0 0 0 0 543.22
118 0 0 0 0 543.24
119 0 0 0 0 543.25
120 0 0 0 0 543.24
121 0 0 0 0 543.23
122 0 0 0 0 543.19
123 0 0 0 0 543.13
124 54 15 308 102 543.07
125 0 0 0 0 543.02
126 0 0 0 0 542.99
127 0 0 0 0 542.98
128 0 0 0 0 542.97
129 0 0 0 0 542.96
130 0 0 0 0 542.96
131 0 0 0 0 542.96
132 0 0 0 0 542.96
133 0 0 0 0 542.96
134 0 0 0 0 542.96
135 0 0 0 0 542.96
136 0 0 0 0 542.96
137 0 0 0 0 542.96
138 0 0 0 0 542.96
139 0 0 0 0 542.96
140 0 0 0 0 542.96
141 0 0 0 0 542.96
142 0 0 0 0 542.96
143 0 0 0 0 542.96
144 335 13 203 83 542.96
145 0 0 0 0 542.96
146 0 0 0 0 542.96
147 0 0 0 0 542.96
148 0 0 0 0 542.96
149 0 0 0 0 542.96
150 0 0 0 0 542.96
151 0 0 0 0 542.96
152 0 0 0 0 542.96
153 0 0 0 0 542.96
154 0 0 0 0 542.96
155 0 0 0 0 542.96
156 0 0 0 0 542.96
157 0 0 0 0 542.96
158 0 0 0 0 542.96
159 0 0 0 0 542.96
160 0 0 0 0 542.96
161 0 0 0 0 542.96
162 0 0 0 0 542.96
163 0 0 0 0 542.96
164 235 14 303 95 542.96
165 0 0 0 0 542.96
166 0 0 0 0 542.96
167 0 0 0 0 542.96
168 0 0 0 0 542.96
169 0 0 0 0 542.96
170 0 0 0 0 542.96
171 0 0 0 0 542.96
172 0 0 0 0 542.96
173 0 0 0 0 542.96
174 0 0 0 0 542.96
175 0 0 0 0 542.96
176 0 0 0 0 542.96
177 0 0 0 0 542.96
178 0 0 0 0 542.96
179 0 0 0 0 542.96
180 49 16 254 115 542.96
181 0 0 0 0 542.96
182 0 0 0 0 542.96
183 0 0 0 0 542.96
184 0 0 0 0 542.96
185 0 0 0 0 542.96
186 0 0 0 0 542.96
187 0 0 0 0 542.96
188 0 0 0 0 542.96
189 0 0 0 0 542.96
190 0 0 0 0 542.96
191 0 0 0 0 542.96
192 0 0 0 0 542.96
193 0 0 0 0 542.96
194 0 0 0 0 542.96
195 0 0 0 0 542.96
196 0 0 0 0 542.96
197 0 0 0 0 542.96
198 0 0 0 0 542.96
199 0 0 0 0 542.96
200 0 0 0 0 542.96
201 0 0 0 0 542.96
202 0 0 0 0 542.96
203 0 0 0 0 542.96
204 0 0 0 0 542.96
205 0 0 0 0 542.96
206 0 0 0 0 542.96
207 0 0 0 0 542.96
208 0 0 0 0 542.96
209 0 0 0 0 542.96
210 0 0 0 0 542.96
211 0 0 0 0 542.96
212 0 0 0 0 542.96
213 0 0 0 0 542.96
214 0 0 0 0 542.96
215 0 0 0 0 542.96
216 0 0 0 0 542.96
217 0 0 0 0 542.96
218 0 0 0 0 542.96
219 0 0 0 0 542.96
220 0 0 0 0 542.96
221 0 0 0 0 542.96
222 0 0 0 0 542.96
223 0 0 0 0 542.96
224 0 0 0 0 542.96
225 235 13 298 91 542.96
226 0 0 0 0 542.96
227 0 0 0 0 542.96
228 0 0 0 0 542.96
229 0 0 0 0 542.96
230 0 0 0 0 542.96
231 0 0 0 0 542.96
232 0 0 0 0 542.96
233 0 0 0 0 542.96
234 0 0 0 0 542.96
235 0 0 0 0 542.96
236 0 0 0 0 542.96
237 0 0 0 0 542.96
238 0 0 0 0 542.96
239 0 0 0 0 542.96
240 0 0 0 0 542.96
241 0 0 0 0 542.96
242 0 0 0 0 542.96
243 0 0 0 0 542.96
244 0 0 0 0 542.96
245 0 0 0 0 542.96
246 0 0 0 0 542.96
247 0 0 0 0 542.96
248 0 0 0 0 542.96
249 0 0 0 0 542.96
250 0 0 0 0 542.96
251 0 0 0 0 542.96
252 0 0 0 0 542.96
253 0 0 0 0 542.96
254 0 0 0 0 542.96
255 0 0 0 0 542.96
256 0 0 0 0 542.96
257 0 0 0 0 542.96
258 0 0 0 0 542.96
259 0 0 0 0 542.96
260 22 13 266 116 542.96
261 0 0 0 0 542.96
262 0 0 0 0 542.96
263 0 0 0 0 542.96
264 0 0 0 0 542.96
265 0 0 0 0 542.96
266 0 0 0 0 542.96
267 0 0 0 0 542.96
268 0 0 0 0 542.96
269 0 0 0 0 542.96
270 0 0 0 0 542.96
271 0 0 0 0 542.96
272 0 0 0 0 542.96
273 0 0 0 0 542.96
274 0 0 0 0 542.96
275 0 0 0 0 542.96
276 0 0 0 0 542.96
277 0 0 0 0 542.96
278 0 0 0 0 542.96
279 0 0 0 0 542.96
280 0 0 0 0 542.96
281 0 0 0 0 542.96
282 0 0 0 0 542.96
283 0 0 0 0 542.96
284 0 0 0 0 542.96
285 0 0 0 0 542.96
286 0 0 0 0 542.96
287 0 0 0 0 542.96
288 0 0 0 0 542.96
289 0 0 0 0 542.96
290 0 0 0 0 542.96
291 0 0 0 0 542.96
292 0 0 0 0 542.96
293 0 0 0 0 542.96
294 0 0 0 0 542.96
295 0 0 0 0 542.96
296 0 0 0 0 542.96
297 0 0 0 0 542.96
298 0 0 0 0 542.96
299 0 0 0 0 542.96
300 0 0 0 0 542.96
